0000000000
0001001011
0010010100
0010010101
0010010110
0010010111
0010011110
0010011111
0011011110
0011011111
0100100000
0100100001
0100100011
0100100100
0100100101
0100100110
0100100111
0100101001
0100101011
0100101100
0100101101
0100101111
0100110000
0100110001
0100110011
0100110100
0100110101
0100110110
0100110111
0100111000
0100111001
0100111011
0100111100
0100111101
0100111110
0100111111
0101101011
0101101100
0101101101
0101101111
0101110000
0101110001
0101110011
0101110100
0101110101
0101110110
0101110111
0101111011
0101111100
0101111101
0101111111
0110110000
0110110011
0110110100
0110110101
0110110110
0110110111
0110111000
0110111011
0110111100
0110111101
0110111110
0110111111
0111111000
0111111011
0111111100
0111111101
0111111110
0111111111
1000000000
1000000100
1000000101
1000001011
1000001101
1000001111
1000010100
1000010101
1000010110
1000010111
1000011100
1000011101
1000011110
1000011111
1000100000
1000100011
1000100100
1000100101
1000100110
1000100111
1000101011
1000101100
1000101101
1000101111
1000110000
1000110011
1000110100
1000110101
1000110110
1000110111
1000111000
1000111011
1000111100
1000111101
1000111110
1000111111
1001001011
1001001111
1001010101
1001010111
1001011101
1001011111
1001100011
1001100100
1001100101
1001100111
1001101011
1001101100
1001101101
1001101111
1001110011
1001110100
1001110101
1001110110
1001110111
1001111011
1001111100
1001111101
1001111111
1010010100
1010010101
1010010110
1010010111
1010011100
1010011101
1010011110
1010011111
1010100100
1010100101
1010100110
1010100111
1010101100
1010101101
1010101111
1010110100
1010110101
1010110110
1010110111
1010111100
1010111101
1010111110
1010111111
1011010100
1011010101
1011010110
1011010111
1011011100
1011011101
1011011110
1011011111
1011100100
1011100101
1011100110
1011100111
1011101100
1011101101
1011101111
1011110100
1011110101
1011110110
1011110111
1011111100
1011111101
1011111110
1011111111
1100000000
1100000001
1100000011
1100000100
1100000110
1100001011
1100001100
1100001101
1100001111
1100010100
1100010101
1100010110
1100010111
1100011110
1100011111
1100100000
1100100001
1100100011
1100100100
1100100101
1100100110
1100100111
1100101001
1100101011
1100101101
1100101111
1100110000
1100110010
1100110011
1100110100
1100110101
1100110110
1100110111
1100111000
1100111011
1100111100
1100111101
1100111110
1100111111
1101001011
1101001101
1101001111
1101010101
1101010111
1101011111
1101100011
1101100101
1101100111
1101101011
1101101101
1101101111
1101110011
1101110101
1101110111
1101111011
1101111101
1101111111
1110000000
1110000001
1110000011
1110001011
1110010100
1110010101
1110010110
1110010111
1110011110
1110011111
1110100000
1110100001
1110100010
1110100011
1110100100
1110100101
1110100110
1110100111
1110101000
1110101001
1110101010
1110101011
1110101100
1110101101
1110101110
1110101111
1110110000
1110110001
1110110011
1110110100
1110110101
1110110110
1110110111
1110111000
1110111001
1110111011
1110111100
1110111101
1110111110
1110111111
1111000000
1111001011
1111010100
1111010101
1111010110
1111010111
1111011110
1111011111
1111100000
1111100001
1111100011
1111100100
1111100101
1111100110
1111100111
1111101011
1111101101
1111101111
1111110000
1111110001
1111110011
1111110100
1111110101
1111110110
1111110111
1111111000
1111111011
1111111100
1111111101
1111111110
1111111111
